84509
209200 204167 5033
87444
208407 203244 5163
80656
217328 211314 6014
81253
270318 260519 9799
79205
225539 218724 6815
72499
213064 207912 5152
70325
205123 200180 4943
76959
247569 239499 8070
77046
247874 242446 5428
78569
266936 258707 8229
75004
259039 250676 8363
74390
230319 223571 6748
75736
257615 250535 7080
80475
208661 203187 5474
76634
245005 238742 6263
75782
258027 250676 7351
74904
221993 216922 5071
73761
225339 218329 7010
76384
255113 247149 7964
82133
215539 210376 5163
